734
20
168 135 143
993 996 992
117 126 95
0 200 10
3 209 -2
137 99 -29
108 100 33
2 -293 -7
150 65 -15
95 108 -29
10 201 197
23 54 -15
-8 202 0
140 138 130
45 90 57
124 85 57
118 125 -39
9 201 197
139 233 188
107 138 221
0 -602 -2
-6 -299 -7
-4 204 -7
9 202 199
-8 199 -2
994 995 992
124 130 116
-2 -597 0
995 994 992
164 98 198
125 118 107
138 202 150
140 233 172
11 197 199
4 -305 -7
4 203 8
0 -603 0
129 145 -29
131 216 204
-8 201 -2
89 37 -51
147 184 157
80 76 -69
1 4 -34
132 85 -51
135 231 170
127 167 143
-4 203 8
2 -33 -7
121 97 33
995 992 994
133 141 130
9 197 -2
996 994 997
9 200 197
-2 -4 -34
-7 199 1
135 135 10
114 202 157
136 116 107
10 198 202
135 195 150
130 71 -51
2 205 8
17 94 -15
139 198 150
137 136 80
148 209 204
996 992 994
163 191 173
-8 197 1
140 133 8
92 145 14
11 199 202
151 145 95
0 -602 3
-17 15 -25
11 198 197
-32 4 12
7 205 3
0 -596 1
-14 13 28
-4 -296 8
0 -597 -2
4 -1 -34
123 136 116
77 91 -69
994 997 996
132 133 80
141 133 130
150 145 107
1 -300 -9
130 139 -7
-2 -600 3
-4 0 -34
69 151 -15
-30 -15 -7
18 -5 28
1 -299 -9
-8 199 2
127 236 177
-1 200 -9
992 993 996
165 97 168
136 137 80
128 227 190
148 135 85
-23 3 -25
146 135 116
3 195 8
109 187 190
8 200 202
3 -600 0
-8 197 0
8 201 202
-9 198 2
123 115 -39
9 198 202
143 235 177
132 239 183
0 201 -9
128 236 183
-29 -14 12
-11 -20 -25
86 103 14
-17 -8 28
-7 201 1
11 200 202
101 139 143
181 135 198
85 75 -69
93 114 198
150 85 25
140 228 188
-9 199 -2
2 -600 -2
124 180 198
0 -600 4
0 -309 -2
136 229 170
88 141 198
76 80 -69
135 135 120
102 129 -51
136 115 95
9 -300 -2
152 180 168
151 211 157
129 227 188
137 235 188
88 45 57
104 120 143
-2 -597 1
-2 -290 -2
-11 199 2
3 -597 1
135 125 -2
138 144 -2
11 201 197
992 995 992
143 140 -2
-1 -603 0
994 994 992
90 20 25
121 110 221
3 -290 -2
133 154 14
83 125 14
137 172 190
12 31 -7
8 199 202
111 92 168
0 194 8
132 144 -2
12 201 201
5 -300 8
137 141 130
131 128 130
152 129 107
50 116 -51
109 148 -15
4 -296 8
-3 -599 1
121 175 190
147 131 85
3 -601 0
53 28 25
132 239 177
8 22 -25
111 156 14
-1 -598 -2
134 137 80
117 115 -39
122 73 57
7 201 201
-8 -304 -2
-8 200 2
81 125 -9
123 182 168
-4 191 3
156 108 143
3 -600 1
0 198 -9
-1 -300 -9
1 -19 28
181 121 168
3 208 3
21 -26 -7
997 995 992
115 48 -51
8 -302 3
-7 200 0
65 50 57
992 995 996
99 121 57
6 200 -7
133 134 -9
134 228 170
116 137 107
115 123 -39
993 992 996
993 994 997
118 126 107
8 197 201
997 995 996
145 161 221
136 179 157
10 201 202
157 120 14
20 94 25
12 199 199
107 203 190
996 993 997
994 993 992
-3 3 -34
132 135 80
133 230 170
142 218 157
118 202 204
-3 -599 0
142 153 95
993 996 997
10 197 201
124 123 -39
155 200 157
94 82 -69
-1000 -1000 -1000
129 135 8
19 0 28
179 121 198
128 32 -15
85 102 -9
3 -3 -34
119 192 204
2 -23 -25
-5 200 8
55 111 57
114 218 190
139 147 85
132 196 150
995 992 996
9 201 202
-25 23 -7
139 129 -7
-1 -601 3
135 230 190
120 148 95
-2 -601 -2
131 202 150
153 129 95
146 142 85
-4 -308 -2
135 125 3
103 135 33
1 -596 1
125 231 177
120 174 173
-12 200 1
3 -291 3
122 129 85
158 150 221
144 227 177
-1 199 -9
5 -307 3
2 -600 3
141 215 204
134 204 150
7 -294 3
9 200 3
126 225 177
7 201 199
11 202 201
-11 199 -2
1 -601 3
11 199 197
992 996 994
997 994 994
4 2 -34
142 235 183
161 192 190
111 157 -9
995 995 992
135 200 210
128 123 85
9 198 197
137 141 -7
2 -602 1
131 148 85
139 224 172
2 -598 -2
-6 -302 -7
154 135 95
1 -596 0
151 178 198
9 202 201
9 199 197
11 198 202
7 200 199
135 223 172
997 995 994
153 135 107
146 120 107
19 13 -25
125 144 85
-1 -299 -9
147 120 -29
86 141 168
120 213 157
136 183 204
135 127 130
139 138 8
-8 198 2
1000 -1000 -1000
-3 -601 0
141 135 -7
133 236 172
132 145 116
-1000 1000 1000
-7 31 12
996 995 997
164 200 173
5 198 8
0 -4 -34
130 153 107
128 141 33
0 190 3
141 113 33
10 200 197
125 182 157
0 -305 8
51 25 -15
-10 199 -2
141 228 172
-4 19 28
145 186 204
133 229 170
162 200 190
12 199 201
135 136 -9
996 992 996
-8 -304 3
-2 -290 3
150 141 14
11 202 199
135 224 188
135 228 170
85 85 70
135 133 -9
996 996 992
-10 198 -2
8 199 197
138 225 188
140 222 183
131 198 150
7 18 28
6 -307 -2
26 56 25
-4 -295 -7
141 127 -2
994 996 997
-9 197 1
137 135 80
143 124 85
141 123 -15
143 91 14
143 132 3
0 -597 3
-2 -599 3
130 126 3
138 121 25
137 140 8
8 -294 -2
8 205 -2
-6 -293 3
130 221 183
61 43 -51
125 118 -39
144 89 -9
153 177 173
-9 201 -2
129 125 116
125 231 183
-12 198 1
32 0 12
108 187 173
144 135 -2
32 -9 -7
122 211 204
135 220 183
108 145 25
136 132 80
0 190 -2
114 117 -39
120 114 -39
0 -600 -3
997 994 996
152 113 221
138 143 3
183 135 168
-12 200 -2
-10 202 1
144 135 3
995 996 992
113 219 173
125 136 -2
135 135 230
124 111 -51
16 11 28
128 228 173
136 121 85
112 94 198
130 138 8
114 141 33
137 170 173
20 -25 12
140 135 8
144 230 177
5 200 8
0 -300 10
93 90 -69
-10 198 2
-5 23 -25
130 126 -2
97 123 33
136 203 150
-5 -302 8
128 162 221
159 216 173
110 157 143
123 82 14
143 227 183
-1 -598 3
133 132 80
9 200 -2
130 221 177
128 135 130
137 101 143
99 110 33
130 219 157
-12 201 1
-9 -298 -2
141 152 107
1 199 -9
-12 200 0
-9 197 0
-10 201 2
130 153 95
49 67 57
0 -301 -9
-6 200 -7
147 66 25
100 86 -9
134 102 33
-33 4 -7
139 200 150
0 -599 -3
1 -598 3
133 140 8
129 132 8
0 -309 3
5 203 -7
0 193 -7
128 131 130
132 130 8
1 -602 -2
-16 -29 -7
-2 -304 8
91 146 -9
996 997 996
145 227 173
-2 209 -2
145 226 190
-11 201 2
126 34 25
125 120 -39
10 197 197
100 166 198
128 227 172
4 194 -7
118 105 143
139 129 130
130 200 150
138 130 8
7 198 201
132 144 3
137 196 150
-8 198 -2
133 135 -9
152 178 190
120 120 40
-6 206 3
-9 197 -2
997 996 994
-10 202 0
23 0 -25
-1 -294 8
2 206 -7
-21 -10 -25
142 126 116
22 -6 -25
94 85 -69
-7 201 0
0 -603 1
12 200 197
-1 -603 1
-3 -601 1
6 -300 -7
113 146 -29
-8 202 1
-1 205 8
996 993 992
109 122 221
28 19 -7
993 995 997
133 235 188
-1 -602 -2
129 139 130
137 134 80
121 147 107
135 123 116
8 197 3
1000 1000 -1000
-8 195 3
76 123 57
147 119 95
128 132 -7
130 234 172
993 994 992
2 -603 0
135 128 -7
128 230 172
136 230 170
144 230 183
101 87 14
34 0 -7
-4 -308 3
-9 201 3
-10 201 -2
134 133 -9
144 141 116
126 225 183
136 135 -9
26 18 12
11 30 12
142 120 33
3 -601 1
992 996 996
137 236 172
0 -306 -7
-2 209 3
135 129 8
153 85 -15
140 138 -7
-9 200 -2
8 201 197
141 133 -7
0 -596 0
-7 200 1
123 81 -9
158 120 -9
995 995 998
-9 -298 3
134 231 170
997 996 996
995 992 992
122 93 -29
126 130 3
15 -18 -25
139 86 168
12 -15 28
155 109 14
158 215 190
10 200 203
100 138 -29
115 137 95
128 135 -7
99 167 168
70 148 25
-6 197 -7
-19 2 28
12 200 199
142 140 3
3 -597 0
2 -294 8
-5 197 8
3 -304 8
7 200 201
-9 -17 28
142 135 130
122 125 -39
4 0 -34
11 197 201
138 132 33
136 134 -9
125 118 95
93 123 -29
-7 -293 -2
147 166 143
132 225 188
-7 200 -2
-7 199 0
-3 -305 -7
6 192 -2
-5 -299 8
9 -302 -2
-3 194 -7
151 195 204
34 131 -15
135 132 80
-8 195 -2
129 230 188
138 239 177
173 161 198
996 994 992
-11 197 1
139 145 116
127 141 -2
-11 197 0
-2 195 8
145 131 116
-7 206 -2
-10 200 3
994 997 994
140 230 188
144 132 -2
90 17 -15
-7 33 -7
151 200 204
141 230 172
-15 -28 12
132 136 80
106 204 173
162 127 221
-9 201 2
-11 200 2
-2 -599 -2
117 107 57
6 -301 -7
992 993 994
994 996 992
134 136 -9
116 191 157
12 200 201
135 220 177
5 -301 8
121 136 85
163 135 221
138 238 183
131 129 -7
995 993 997
-11 201 -2
-1 4 -34
141 222 177
91 77 -69
142 135 -29
167 125 143
0 -298 -9
5 192 3
993 992 994
7 198 199
145 112 -29
91 113 168
131 224 172
12 201 199
133 141 -7
128 141 3
162 154 143
995 996 997
996 997 994
74 131 -51
134 156 -9
31 -9 12
-12 201 0
9 -300 3
0 0 35
154 194 157
7 200 197
994 993 997
114 154 221
130 233 188
1 200 -9
125 136 3
10 199 197
-1 206 -7
126 185 204
106 96 -29
-24 22 12
152 141 -9
126 142 116
-1 -293 -7
6 198 -7
139 88 198
88 94 -69
157 109 -9
5 -296 -7
-10 200 -2
8 197 199
-12 198 0
175 162 168
110 54 57
-4 191 -2
140 127 3
126 130 -2
2 -32 12
75 86 -69
137 106 221
36 129 25
42 64 -51
10 197 199
114 120 -39
-4 -2 -34
992 995 994
82 94 -69
38 91 -51