1698
1 8 9 26 30 32 40 43 54 64 78 100 153 184 186 212 238 267 303 326 336 349 370 387 396 398 401 484 531 539 564 573 593 618 643 704 720 727 732 745 771 830 848 889 892 909 916 926 929 933 939 944
2 4 81 97 177 210 237 289 368 371 400 438 440 449 463 503 510 569 640 663 695 718 729 756 773 797 813 828 993
3 29 45 61 72 84 131 166 171 198 236 253 292 320 345 346 380 402 462 476 480 501 511 538 543 545 547 567 599 616 620 642 664 675 689 730 735 798 854 862 877 878 914 921 928 934 938 975 979 989
5 33 39 68 98 103 124 203 225 231 235 293 300 302 397 404 422 461 466 508 546 551 578 589 603 604 652 654 693 709 716 789 799 803 807 823 826 844 847 851 859 910 913 959 969 987 991
6 56 76 93 94 122 192 200 201 233 244 251 256 284 309 369 377 493 496 506 507 561 602 617 647 683 703 711 722 741 744 801 822 834 866 875 911 954
7 11 13 25 53 129 152 158 185 207 224 234 268 278 281 295 301 307 324 357 378 381 407 418 421 428 483 495 516 524 575 583 591 597 629 635 649 676 719 736 783 812 819 852 863 872 882 895 947 950 967 968 978 980 994 999
10 12 38 62 65 95 118 139 146 148 179 181 208 213 221 230 263 280 290 294 296 305 310 327 330 333 334 338 358 360 374 391 399 409 452 454 473 500 523 541 550 552 559 609 619 627 670 684 687 810 884 897 908 935 936 945
14 51 57 121 133 141 172 174 178 182 189 223 241 257 274 316 340 352 353 372 373 376 389 425 451 456 458 475 485 489 509 512 518 542 577 581 582 587 596 636 638 674 710 755 765 784 794 811 846 858 860 903 912 920 946 952 1000
15 17 35 52 66 69 86 92 119 132 135 144 150 209 227 260 275 279 286 291 329 337 426 429 430 437 479 529 553 588 592 612 621 634 648 658 701 725 760 774 790 825 856 864 869 885 942 976 985
16 91 128 130 140 145 163 188 220 266 272 276 282 298 317 348 356 366 383 384 406 420 444 446 478 522 526 536 556 562 571 585 586 611 639 653 690 697 702 740 742 743 750 762 764 775 786 788 837 845 861 865 867 890 898 904 907 919 963 965 992
18 19 23 58 73 83 96 108 123 154 156 183 194 195 211 288 318 342 343 344 417 443 453 455 502 528 540 570 572 584 641 661 666 673 688 691 694 696 712 713 724 733 838 868 887 894 918 937 955 957 966
20 60 75 80 105 134 161 165 187 228 299 306 312 321 347 355 408 410 436 441 457 469 474 482 497 521 532 554 555 560 580 594 625 651 665 669 671 681 739 751 758 817 824 841 871 873 883 893 915 972
21 59 74 79 101 106 142 157 162 173 202 215 250 265 283 308 315 339 365 424 427 435 460 467 487 494 498 499 525 549 601 614 628 660 672 685 708 717 723 726 728 737 753 757 793 809 840 891 925 932 958 970 974 982
22 27 28 41 47 49 67 90 99 112 143 155 214 232 249 270 285 323 350 379 385 423 431 465 470 471 514 530 533 537 557 568 600 622 650 714 738 749 754 766 767 772 781 792 902 924 930 948 964 983 986 988 113
24 42 44 71 82 104 136 164 217 226 229 254 269 311 314 322 328 382 393 439 447 477 504 563 606 610 631 667 680 692 700 705 707 731 748 769 778 779 816 818 820 849 850 876 881 900 922 953 956 961 962 997 607
31 46 70 102 107 109 117 137 147 197 219 240 247 252 255 277 332 335 375 412 434 505 513 534 544 613 637 657 659 662 759 782 785 787 829 879 886 971 981 984
34 48 50 88 89 110 111 114 115 149 151 167 196 206 218 222 242 259 261 262 313 341 359 363 364 386 388 394 411 419 432 464 481 486 490 492 519 558 566 576 590 615 655 668 677 686 752 761 777 796 808 827 833 901 905 941 998
36 87 169 176 204 205 239 243 245 246 248 258 271 325 362 390 403 433 442 472 488 491 517 520 579 633 682 746 763 800 802 815 821 832 836 839 853 855 870 931 940 951 973
37 63 85 120 127 138 159 160 168 199 264 273 287 297 351 367 395 405 414 415 416 450 459 468 515 535 548 565 595 598 605 608 624 626 656 698 699 715 747 776 804 806 814 831 835 842 843 857 880 888 896 906 917 949 990 995
55 77 116 125 126 170 175 180 190 191 193 216 304 319 331 354 361 392 413 445 448 527 574 623 630 632 644 645 646 678 679 706 721 734 768 770 780 791 795 805 874 899 923 927 943 960 977 996