1000
2
13 13 13
392 392 392
222 222 222
58 58 58
503 503 503
807 807 807
215 215 215
313 313 313
733 733 733
111 111 111
319 319 319
723 723 723
896 896 896
825 825 825
546 546 546
639 639 639
199 199 199
140 140 140
863 863 863
458 458 458
275 275 275
72 72 72
935 935 935
85 85 85
504 504 504
338 338 338
144 144 144
550 550 550
559 559 559
934 934 934
976 976 976
719 719 719
895 895 895
440 440 440
217 217 217
666 666 666
62 62 62
142 142 142
951 951 951
502 502 502
993 993 993
295 295 295
597 597 597
963 963 963
828 828 828
496 496 496
384 384 384
57 57 57
656 656 656
473 473 473
76 76 76
256 256 256
830 830 830
161 161 161
565 565 565
798 798 798
731 731 731
305 305 305
462 462 462
682 682 682
5 5 5
673 673 673
202 202 202
443 443 443
231 231 231
954 954 954
479 479 479
713 713 713
867 867 867
233 233 233
653 653 653
497 497 497
556 556 556
961 961 961
614 614 614
188 188 188
618 618 618
8 8 8
29 29 29
590 590 590
872 872 872
24 24 24
740 740 740
242 242 242
730 730 730
915 915 915
658 658 658
521 521 521
729 729 729
131 131 131
178 178 178
701 701 701
500 500 500
346 346 346
0 0 0
584 584 584
168 168 168
501 501 501
897 897 897
41 41 41
663 663 663
958 958 958
905 905 905
193 193 193
645 645 645
137 137 137
303 303 303
826 826 826
738 738 738
870 870 870
994 994 994
886 886 886
623 623 623
3 3 3
677 677 677
399 399 399
796 796 796
813 813 813
913 913 913
43 43 43
624 624 624
772 772 772
490 490 490
769 769 769
562 562 562
946 946 946
42 42 42
183 183 183
98 98 98
637 637 637
686 686 686
262 262 262
917 917 917
128 128 128
880 880 880
593 593 593
874 874 874
779 779 779
224 224 224
418 418 418
304 304 304
157 157 157
592 592 592
134 134 134
436 436 436
114 114 114
126 126 126
90 90 90
883 883 883
363 363 363
240 240 240
773 773 773
116 116 116
423 423 423
324 324 324
600 600 600
630 630 630
525 525 525
785 785 785
269 269 269
936 936 936
408 408 408
416 416 416
208 208 208
96 96 96
214 214 214
420 420 420
478 478 478
6 6 6
862 862 862
622 622 622
805 805 805
949 949 949
74 74 74
728 728 728
683 683 683
488 488 488
263 263 263
205 205 205
135 135 135
52 52 52
471 471 471
281 281 281
372 372 372
355 355 355
899 899 899
124 124 124
395 395 395
312 312 312
792 792 792
970 970 970
356 356 356
786 786 786
149 149 149
223 223 223
446 446 446
274 274 274
633 633 633
244 244 244
167 167 167
685 685 685
1000 1000 1000
887 887 887
422 422 422
380 380 380
694 694 694
389 389 389
675 675 675
642 642 642
252 252 252
930 930 930
725 725 725
401 401 401
649 649 649
484 484 484
318 318 318
803 803 803
158 158 158
964 964 964
101 101 101
569 569 569
691 691 691
70 70 70
182 182 182
995 995 995
59 59 59
659 659 659
396 396 396
629 629 629
759 759 759
164 164 164
795 795 795
352 352 352
282 282 282
270 270 270
271 271 271
45 45 45
801 801 801
4 4 4
802 802 802
106 106 106
668 668 668
571 571 571
545 545 545
620 620 620
421 421 421
247 247 247
971 971 971
409 409 409
115 115 115
66 66 66
184 184 184
631 631 631
28 28 28
92 92 92
853 853 853
427 427 427
972 972 972
139 139 139
33 33 33
533 533 533
566 566 566
865 865 865
734 734 734
172 172 172
755 755 755
567 567 567
180 180 180
868 868 868
376 376 376
875 875 875
213 213 213
528 528 528
105 105 105
572 572 572
789 789 789
268 268 268
916 916 916
297 297 297
726 726 726
814 814 814
999 999 999
49 49 49
581 581 581
967 967 967
97 97 97
71 71 71
9 9 9
457 457 457
445 445 445
25 25 25
847 847 847
606 606 606
23 23 23
498 498 498
330 330 330
261 261 261
279 279 279
689 689 689
200 200 200
453 453 453
537 537 537
774 774 774
555 555 555
991 991 991
732 732 732
84 84 84
53 53 53
912 912 912
194 194 194
956 956 956
511 511 511
320 320 320
419 419 419
698 698 698
919 919 919
684 684 684
824 824 824
246 246 246
579 579 579
44 44 44
11 11 11
342 342 342
531 531 531
582 582 582
187 187 187
333 333 333
347 347 347
776 776 776
594 594 594
968 968 968
334 334 334
435 435 435
947 947 947
748 748 748
390 390 390
332 332 332
598 598 598
704 704 704
329 329 329
558 558 558
153 153 153
920 920 920
465 465 465
425 425 425
225 225 225
386 386 386
962 962 962
442 442 442
220 220 220
770 770 770
463 463 463
643 643 643
407 407 407
536 536 536
983 983 983
132 132 132
705 705 705
529 529 529
232 232 232
344 344 344
587 587 587
460 460 460
292 292 292
538 538 538
938 938 938
81 81 81
382 382 382
651 651 651
570 570 570
523 523 523
644 644 644
385 385 385
302 302 302
812 812 812
171 171 171
818 818 818
655 655 655
234 234 234
118 118 118
932 932 932
506 506 506
241 241 241
854 854 854
820 820 820
48 48 48
68 68 68
699 699 699
788 788 788
806 806 806
667 667 667
27 27 27
204 204 204
451 451 451
758 758 758
979 979 979
724 724 724
414 414 414
822 822 822
985 985 985
800 800 800
190 190 190
219 219 219
300 300 300
604 604 604
718 718 718
239 239 239
452 452 452
893 893 893
55 55 55
607 607 607
909 909 909
780 780 780
181 181 181
737 737 737
35 35 35
945 945 945
192 192 192
520 520 520
82 82 82
360 360 360
745 745 745
483 483 483
472 472 472
163 163 163
527 527 527
16 16 16
243 243 243
133 133 133
145 145 145
494 494 494
335 335 335
851 851 851
448 448 448
102 102 102
209 209 209
890 890 890
93 93 93
293 293 293
783 783 783
753 753 753
150 150 150
900 900 900
450 450 450
21 21 21
321 321 321
12 12 12
552 552 552
841 841 841
647 647 647
715 715 715
119 119 119
191 191 191
272 272 272
370 370 370
286 286 286
602 602 602
652 652 652
992 992 992
80 80 80
129 129 129
551 551 551
576 576 576
688 688 688
109 109 109
196 196 196
959 959 959
351 351 351
804 804 804
492 492 492
253 253 253
485 485 485
657 657 657
819 819 819
517 517 517
926 926 926
375 375 375
143 143 143
877 877 877
626 626 626
400 400 400
839 839 839
235 235 235
280 280 280
73 73 73
403 403 403
120 120 120
46 46 46
836 836 836
475 475 475
918 918 918
264 264 264
855 855 855
447 447 447
540 540 540
358 358 358
337 337 337
988 988 988
577 577 577
15 15 15
609 609 609
695 695 695
14 14 14
997 997 997
327 327 327
589 589 589
833 833 833
169 169 169
793 793 793
227 227 227
461 461 461
402 402 402
306 306 306
56 56 56
258 258 258
557 557 557
761 761 761
766 766 766
768 768 768
619 619 619
326 326 326
99 99 99
869 869 869
449 449 449
107 107 107
831 831 831
835 835 835
811 811 811
969 969 969
984 984 984
186 186 186
32 32 32
827 827 827
404 404 404
541 541 541
640 640 640
266 266 266
429 429 429
599 599 599
459 459 459
508 508 508
857 857 857
980 980 980
885 885 885
925 925 925
509 509 509
840 840 840
136 136 136
605 605 605
625 625 625
873 873 873
468 468 468
481 481 481
799 799 799
91 91 91
791 791 791
237 237 237
765 765 765
328 328 328
664 664 664
147 147 147
787 787 787
413 413 413
510 510 510
924 924 924
476 476 476
764 764 764
216 216 216
160 160 160
388 388 388
37 37 37
361 361 361
879 879 879
138 138 138
781 781 781
617 617 617
316 316 316
888 888 888
226 226 226
103 103 103
611 611 611
357 357 357
901 901 901
709 709 709
415 415 415
308 308 308
146 146 146
393 393 393
563 563 563
711 711 711
257 257 257
858 858 858
707 707 707
141 141 141
928 928 928
47 47 47
543 543 543
377 377 377
615 615 615
411 411 411
245 245 245
428 428 428
943 943 943
616 616 616
878 878 878
894 894 894
412 412 412
387 387 387
64 64 64
121 121 121
810 810 810
331 331 331
474 474 474
613 613 613
829 829 829
298 298 298
69 69 69
238 238 238
38 38 38
898 898 898
19 19 19
650 650 650
662 662 662
973 973 973
343 343 343
902 902 902
314 314 314
348 348 348
697 697 697
20 20 20
174 174 174
561 561 561
849 849 849
986 986 986
251 251 251
359 359 359
189 189 189
130 130 130
260 260 260
815 815 815
568 568 568
975 975 975
464 464 464
309 309 309
493 493 493
771 771 771
696 696 696
433 433 433
195 195 195
54 54 54
547 547 547
87 87 87
987 987 987
530 530 530
760 760 760
430 430 430
170 170 170
381 381 381
467 467 467
482 482 482
996 996 996
907 907 907
249 249 249
79 79 79
353 353 353
989 989 989
61 61 61
378 378 378
394 394 394
580 580 580
891 891 891
125 125 125
832 832 832
206 206 206
86 86 86
65 65 65
736 736 736
283 283 283
948 948 948
201 201 201
311 311 311
763 763 763
354 354 354
910 910 910
775 775 775
817 817 817
173 173 173
299 299 299
573 573 573
693 693 693
672 672 672
603 603 603
953 953 953
931 931 931
680 680 680
340 340 340
94 94 94
749 749 749
610 610 610
966 966 966
273 273 273
284 284 284
646 646 646
22 22 22
952 952 952
60 60 60
211 211 211
708 708 708
31 31 31
638 638 638
585 585 585
965 965 965
104 104 104
514 514 514
706 706 706
526 526 526
477 477 477
743 743 743
834 834 834
794 794 794
117 117 117
148 148 148
739 739 739
990 990 990
676 676 676
518 518 518
341 341 341
512 512 512
848 848 848
982 982 982
564 564 564
782 782 782
437 437 437
548 548 548
198 198 198
294 294 294
670 670 670
495 495 495
123 123 123
379 379 379
960 960 960
296 296 296
903 903 903
998 998 998
207 207 207
287 287 287
871 871 871
669 669 669
325 325 325
505 505 505
955 955 955
364 364 364
95 95 95
922 922 922
859 859 859
165 165 165
83 83 83
914 914 914
431 431 431
439 439 439
369 369 369
469 469 469
720 720 720
661 661 661
162 162 162
621 621 621
574 574 574
405 405 405
315 315 315
166 166 166
127 127 127
846 846 846
441 441 441
844 844 844
367 367 367
350 350 350
981 981 981
608 608 608
267 267 267
519 519 519
108 108 108
648 648 648
39 39 39
371 371 371
937 937 937
671 671 671
679 679 679
406 406 406
122 122 122
345 345 345
797 797 797
601 601 601
790 790 790
177 177 177
307 307 307
30 30 30
89 89 89
112 112 112
34 34 34
678 678 678
864 864 864
456 456 456
10 10 10
175 175 175
702 702 702
741 741 741
250 250 250
674 674 674
838 838 838
632 632 632
742 742 742
850 850 850
842 842 842
203 203 203
977 977 977
612 612 612
635 635 635
212 212 212
586 586 586
957 957 957
434 434 434
317 317 317
254 254 254
277 277 277
627 627 627
881 881 881
301 301 301
884 884 884
542 542 542
444 444 444
513 513 513
67 67 67
310 310 310
218 218 218
927 927 927
876 876 876
285 285 285
940 940 940
455 455 455
323 323 323
929 929 929
941 941 941
700 700 700
866 866 866
754 754 754
78 78 78
40 40 40
634 634 634
486 486 486
808 808 808
51 51 51
383 383 383
861 861 861
113 113 113
660 660 660
578 578 578
259 259 259
544 544 544
784 784 784
289 289 289
176 176 176
596 596 596
636 636 636
687 687 687
480 480 480
751 751 751
757 757 757
777 777 777
921 921 921
349 349 349
278 278 278
424 424 424
265 265 265
712 712 712
362 362 362
860 860 860
88 88 88
100 100 100
591 591 591
229 229 229
823 823 823
821 821 821
288 288 288
410 410 410
904 904 904
336 336 336
756 756 756
950 950 950
516 516 516
26 26 26
466 466 466
889 889 889
255 255 255
236 236 236
575 575 575
539 539 539
595 595 595
681 681 681
727 727 727
454 454 454
856 856 856
716 716 716
339 339 339
75 75 75
515 515 515
778 778 778
942 942 942
816 816 816
276 276 276
710 710 710
641 641 641
197 197 197
221 221 221
152 152 152
151 151 151
735 735 735
228 228 228
159 159 159
185 185 185
553 553 553
908 908 908
110 110 110
843 843 843
933 933 933
762 762 762
522 522 522
397 397 397
391 391 391
534 534 534
767 767 767
366 366 366
491 491 491
18 18 18
665 665 665
36 36 36
944 944 944
210 210 210
432 432 432
892 892 892
532 532 532
291 291 291
560 560 560
882 882 882
690 690 690
373 373 373
290 290 290
7 7 7
628 628 628
154 154 154
524 524 524
852 852 852
63 63 63
583 583 583
714 714 714
703 703 703
722 722 722
322 322 322
721 721 721
470 470 470
746 746 746
417 417 417
398 398 398
554 554 554
692 692 692
487 487 487
179 179 179
923 923 923
549 549 549
365 365 365
368 368 368
535 535 535
837 837 837
750 750 750
248 248 248
426 426 426
438 438 438
588 588 588
156 156 156
155 155 155
77 77 77
230 230 230
747 747 747
845 845 845
906 906 906
507 507 507
978 978 978
499 499 499
752 752 752
809 809 809
717 717 717
974 974 974
17 17 17
939 939 939
654 654 654
1001 1001 1001
911 911 911
374 374 374
744 744 744
489 489 489
50 50 50