1000
2
628 628 628
643 643 643
709 709 709
202 202 202
672 672 672
309 309 309
954 954 954
833 833 833
27 27 27
111 111 111
640 640 640
236 236 236
635 635 635
1015 1015 1015
844 844 844
981 981 981
1032 1032 1032
324 324 324
269 269 269
939 939 939
390 390 390
825 825 825
1086 1086 1086
367 367 367
143 143 143
895 895 895
378 378 378
226 226 226
957 957 957
862 862 862
304 304 304
312 312 312
933 933 933
916 916 916
359 359 359
664 664 664
698 698 698
620 620 620
891 891 891
731 731 731
109 109 109
746 746 746
828 828 828
24 24 24
711 711 711
477 477 477
441 441 441
374 374 374
984 984 984
266 266 266
74 74 74
1071 1071 1071
144 144 144
1093 1093 1093
612 612 612
850 850 850
91 91 91
138 138 138
998 998 998
949 949 949
492 492 492
928 928 928
785 785 785
759 759 759
366 366 366
1013 1013 1013
637 637 637
646 646 646
741 741 741
49 49 49
494 494 494
1026 1026 1026
51 51 51
801 801 801
649 649 649
688 688 688
660 660 660
142 142 142
813 813 813
106 106 106
303 303 303
787 787 787
289 289 289
167 167 167
315 315 315
254 254 254
300 300 300
4 4 4
122 122 122
745 745 745
1079 1079 1079
765 765 765
770 770 770
468 468 468
893 893 893
873 873 873
645 645 645
1098 1098 1098
30 30 30
418 418 418
921 921 921
678 678 678
1085 1085 1085
707 707 707
1021 1021 1021
822 822 822
887 887 887
398 398 398
148 148 148
76 76 76
453 453 453
71 71 71
251 251 251
834 834 834
1058 1058 1058
435 435 435
870 870 870
886 886 886
105 105 105
478 478 478
1051 1051 1051
432 432 432
922 922 922
497 497 497
1024 1024 1024
198 198 198
405 405 405
826 826 826
153 153 153
224 224 224
894 894 894
753 753 753
357 357 357
712 712 712
414 414 414
36 36 36
676 676 676
120 120 120
23 23 23
941 941 941
401 401 401
475 475 475
858 858 858
793 793 793
1020 1020 1020
345 345 345
869 869 869
253 253 253
1042 1042 1042
884 884 884
638 638 638
776 776 776
443 443 443
156 156 156
264 264 264
238 238 238
936 936 936
218 218 218
892 892 892
400 400 400
1022 1022 1022
466 466 466
53 53 53
493 493 493
489 489 489
314 314 314
182 182 182
694 694 694
900 900 900
995 995 995
777 777 777
232 232 232
796 796 796
172 172 172
1073 1073 1073
29 29 29
1068 1068 1068
270 270 270
210 210 210
7 7 7
135 135 135
245 245 245
889 889 889
37 37 37
926 926 926
662 662 662
118 118 118
797 797 797
902 902 902
302 302 302
54 54 54
1030 1030 1030
173 173 173
831 831 831
340 340 340
905 905 905
780 780 780
211 211 211
392 392 392
1047 1047 1047
421 421 421
325 325 325
888 888 888
979 979 979
969 969 969
733 733 733
373 373 373
434 434 434
294 294 294
750 750 750
276 276 276
65 65 65
762 762 762
44 44 44
343 343 343
775 775 775
1067 1067 1067
146 146 146
129 129 129
410 410 410
909 909 909
771 771 771
420 420 420
404 404 404
169 169 169
240 240 240
687 687 687
428 428 428
377 377 377
701 701 701
730 730 730
93 93 93
90 90 90
28 28 28
168 168 168
927 927 927
912 912 912
757 757 757
856 856 856
865 865 865
1074 1074 1074
82 82 82
271 271 271
301 301 301
5 5 5
632 632 632
341 341 341
205 205 205
1009 1009 1009
57 57 57
644 644 644
693 693 693
968 968 968
847 847 847
906 906 906
297 297 297
742 742 742
384 384 384
720 720 720
663 663 663
1069 1069 1069
911 911 911
798 798 798
225 225 225
944 944 944
175 175 175
440 440 440
308 308 308
1012 1012 1012
223 223 223
208 208 208
185 185 185
782 782 782
247 247 247
219 219 219
853 853 853
126 126 126
1099 1099 1099
722 722 722
481 481 481
429 429 429
455 455 455
819 819 819
677 677 677
779 779 779
925 925 925
102 102 102
666 666 666
70 70 70
305 305 305
331 331 331
724 724 724
383 383 383
976 976 976
140 140 140
158 158 158
406 406 406
901 901 901
799 799 799
363 363 363
277 277 277
116 116 116
62 62 62
820 820 820
615 615 615
896 896 896
1044 1044 1044
1 1 1
335 335 335
1090 1090 1090
967 967 967
794 794 794
250 250 250
952 952 952
1004 1004 1004
807 807 807
12 12 12
871 871 871
997 997 997
786 786 786
804 804 804
919 919 919
191 191 191
261 261 261
190 190 190
427 427 427
864 864 864
914 914 914
482 482 482
669 669 669
446 446 446
1089 1089 1089
872 872 872
181 181 181
321 321 321
990 990 990
613 613 613
971 971 971
766 766 766
323 323 323
691 691 691
1095 1095 1095
255 255 255
684 684 684
947 947 947
92 92 92
85 85 85
966 966 966
823 823 823
147 147 147
339 339 339
319 319 319
84 84 84
761 761 761
113 113 113
996 996 996
362 362 362
413 413 413
216 216 216
734 734 734
150 150 150
279 279 279
112 112 112
989 989 989
88 88 88
275 275 275
159 159 159
204 204 204
230 230 230
697 697 697
726 726 726
355 355 355
449 449 449
163 163 163
1096 1096 1096
32 32 32
442 442 442
708 708 708
292 292 292
1031 1031 1031
307 307 307
399 399 399
424 424 424
1014 1014 1014
431 431 431
98 98 98
287 287 287
942 942 942
103 103 103
956 956 956
465 465 465
1025 1025 1025
239 239 239
945 945 945
1081 1081 1081
495 495 495
617 617 617
278 278 278
166 166 166
904 904 904
975 975 975
347 347 347
710 710 710
9 9 9
934 934 934
977 977 977
673 673 673
461 461 461
681 681 681
136 136 136
388 388 388
1006 1006 1006
898 898 898
174 174 174
1034 1034 1034
368 368 368
1041 1041 1041
480 480 480
602 602 602
1043 1043 1043
931 931 931
450 450 450
651 651 651
774 774 774
627 627 627
327 327 327
642 642 642
946 946 946
910 910 910
721 721 721
220 220 220
760 760 760
195 195 195
1008 1008 1008
610 610 610
821 821 821
851 851 851
486 486 486
980 980 980
50 50 50
476 476 476
263 263 263
422 422 422
1088 1088 1088
14 14 14
903 903 903
877 877 877
706 706 706
496 496 496
778 778 778
918 918 918
671 671 671
133 133 133
63 63 63
1045 1045 1045
752 752 752
667 667 667
337 337 337
221 221 221
727 727 727
344 344 344
875 875 875
179 179 179
622 622 622
402 402 402
803 803 803
295 295 295
360 360 360
438 438 438
788 788 788
680 680 680
235 235 235
184 184 184
631 631 631
87 87 87
792 792 792
1048 1048 1048
121 121 121
817 817 817
437 437 437
243 243 243
756 756 756
723 723 723
233 233 233
417 417 417
222 222 222
372 372 372
1007 1007 1007
840 840 840
15 15 15
320 320 320
115 115 115
705 705 705
310 310 310
848 848 848
100 100 100
246 246 246
407 407 407
282 282 282
165 165 165
655 655 655
334 334 334
268 268 268
857 857 857
61 61 61
1016 1016 1016
1065 1065 1065
652 652 652
132 132 132
772 772 772
104 104 104
180 180 180
34 34 34
641 641 641
267 267 267
763 763 763
1059 1059 1059
445 445 445
200 200 200
490 490 490
215 215 215
426 426 426
408 408 408
151 151 151
42 42 42
45 45 45
700 700 700
328 328 328
818 818 818
353 353 353
46 46 46
633 633 633
703 703 703
605 605 605
885 885 885
953 953 953
66 66 66
972 972 972
285 285 285
960 960 960
1046 1046 1046
280 280 280
249 249 249
961 961 961
1053 1053 1053
11 11 11
152 152 152
626 626 626
1049 1049 1049
1076 1076 1076
1036 1036 1036
800 800 800
623 623 623
795 795 795
784 784 784
352 352 352
932 932 932
1064 1064 1064
387 387 387
718 718 718
3 3 3
394 394 394
330 330 330
244 244 244
1083 1083 1083
47 47 47
316 316 316
186 186 186
1003 1003 1003
67 67 67
382 382 382
439 439 439
1040 1040 1040
472 472 472
259 259 259
808 808 808
717 717 717
773 773 773
242 242 242
1018 1018 1018
973 973 973
924 924 924
859 859 859
329 329 329
290 290 290
6 6 6
963 963 963
444 444 444
187 187 187
467 467 467
379 379 379
915 915 915
768 768 768
861 861 861
702 702 702
740 740 740
415 415 415
647 647 647
274 274 274
747 747 747
959 959 959
125 125 125
991 991 991
829 829 829
483 483 483
31 31 31
58 58 58
937 937 937
192 192 192
201 201 201
101 101 101
868 868 868
386 386 386
326 326 326
260 260 260
845 845 845
248 248 248
683 683 683
430 430 430
1029 1029 1029
171 171 171
783 783 783
625 625 625
79 79 79
189 189 189
462 462 462
607 607 607
258 258 258
376 376 376
237 237 237
654 654 654
451 451 451
257 257 257
606 606 606
1063 1063 1063
604 604 604
618 618 618
81 81 81
974 974 974
425 425 425
176 176 176
661 661 661
1078 1078 1078
764 764 764
1072 1072 1072
1019 1019 1019
217 217 217
298 298 298
781 781 781
657 657 657
262 262 262
273 273 273
988 988 988
16 16 16
880 880 880
719 719 719
252 252 252
659 659 659
950 950 950
26 26 26
1082 1082 1082
836 836 836
127 127 127
194 194 194
1037 1037 1037
460 460 460
682 682 682
199 199 199
38 38 38
349 349 349
188 188 188
22 22 22
738 738 738
769 769 769
354 354 354
293 293 293
639 639 639
196 196 196
674 674 674
716 716 716
397 397 397
860 860 860
370 370 370
827 827 827
689 689 689
938 938 938
696 696 696
75 75 75
99 99 99
1075 1075 1075
333 333 333
863 863 863
369 369 369
416 416 416
603 603 603
899 899 899
86 86 86
837 837 837
824 824 824
1092 1092 1092
433 433 433
332 332 332
630 630 630
755 755 755
1087 1087 1087
56 56 56
128 128 128
491 491 491
843 843 843
137 137 137
459 459 459
203 203 203
614 614 614
962 962 962
469 469 469
686 686 686
692 692 692
234 234 234
124 124 124
854 854 854
749 749 749
816 816 816
463 463 463
499 499 499
436 436 436
1054 1054 1054
948 948 948
119 119 119
59 59 59
322 322 322
814 814 814
699 699 699
241 241 241
1033 1033 1033
479 479 479
866 866 866
161 161 161
965 965 965
1091 1091 1091
791 791 791
1023 1023 1023
33 33 33
982 982 982
874 874 874
149 149 149
94 94 94
77 77 77
160 160 160
365 365 365
447 447 447
743 743 743
351 351 351
288 288 288
970 970 970
296 296 296
43 43 43
917 917 917
999 999 999
1084 1084 1084
154 154 154
810 810 810
41 41 41
907 907 907
994 994 994
39 39 39
802 802 802
164 164 164
291 291 291
336 336 336
395 395 395
805 805 805
1000 1000 1000
728 728 728
265 265 265
134 134 134
920 920 920
35 35 35
157 157 157
73 73 73
725 725 725
1097 1097 1097
729 729 729
1094 1094 1094
815 815 815
178 178 178
832 832 832
107 107 107
987 987 987
69 69 69
685 685 685
474 474 474
1017 1017 1017
839 839 839
1028 1028 1028
346 346 346
653 653 653
162 162 162
80 80 80
227 227 227
1005 1005 1005
790 790 790
473 473 473
348 348 348
737 737 737
1038 1038 1038
131 131 131
356 356 356
18 18 18
8 8 8
624 624 624
487 487 487
842 842 842
97 97 97
634 634 634
95 95 95
878 878 878
1060 1060 1060
19 19 19
484 484 484
170 170 170
48 48 48
1066 1066 1066
155 155 155
767 767 767
1057 1057 1057
139 139 139
713 713 713
72 72 72
758 758 758
419 419 419
852 852 852
611 611 611
830 830 830
183 183 183
835 835 835
286 286 286
986 986 986
52 52 52
935 935 935
452 452 452
636 636 636
668 668 668
375 375 375
951 951 951
20 20 20
108 108 108
744 744 744
739 739 739
89 89 89
1002 1002 1002
396 396 396
13 13 13
213 213 213
806 806 806
17 17 17
690 690 690
629 629 629
679 679 679
389 389 389
882 882 882
471 471 471
64 64 64
212 212 212
1055 1055 1055
457 457 457
846 846 846
897 897 897
1039 1039 1039
207 207 207
955 955 955
358 358 358
958 958 958
209 209 209
1001 1001 1001
114 114 114
619 619 619
381 381 381
1010 1010 1010
10 10 10
498 498 498
380 380 380
313 313 313
284 284 284
658 658 658
650 650 650
675 675 675
881 881 881
943 943 943
454 454 454
600 600 600
1080 1080 1080
272 272 272
929 929 929
621 621 621
68 68 68
350 350 350
123 123 123
841 841 841
317 317 317
306 306 306
0 0 0
1062 1062 1062
299 299 299
879 879 879
364 364 364
488 488 488
809 809 809
470 470 470
1061 1061 1061
1035 1035 1035
609 609 609
231 231 231
923 923 923
283 283 283
55 55 55
883 883 883
751 751 751
867 867 867
411 411 411
695 695 695
735 735 735
256 256 256
2 2 2
876 876 876
409 409 409
229 229 229
342 342 342
913 913 913
78 78 78
228 228 228
448 448 448
25 25 25
1050 1050 1050
838 838 838
412 412 412
849 849 849
890 890 890
1077 1077 1077
908 908 908
1070 1070 1070
736 736 736
391 391 391
206 206 206
748 748 748
616 616 616
338 338 338
281 281 281
732 732 732
464 464 464
983 983 983
110 110 110
456 456 456
670 670 670
485 485 485
130 130 130
992 992 992
930 930 930
978 978 978
371 371 371
393 393 393
985 985 985
193 193 193
1056 1056 1056
385 385 385
714 714 714
177 177 177
648 648 648
812 812 812
197 197 197
964 964 964
715 715 715
311 311 311
811 811 811
855 855 855
789 789 789
318 318 318
60 60 60
1027 1027 1027
665 665 665
403 403 403
940 940 940
704 704 704
21 21 21
141 141 141
754 754 754
601 601 601
361 361 361
993 993 993
96 96 96
656 656 656
214 214 214
145 145 145
1011 1011 1011
40 40 40
117 117 117
1052 1052 1052
83 83 83
608 608 608
423 423 423
458 458 458