1760
8
55 38 -73
123 81 -9
145 213 204
99 48 57
116 103 -36
128 131 130
153 181 183
124 123 -39
1000001 999999 999997
133 140 8
89 154 4
155 109 14
122 201 152
153 85 -15
91 113 168
135 130 -9
172 124 211
122 123 89
1000001 1000000 999997
0 0 100
89 37 -51
128 32 -15
145 89 2
7 99 7
127 131 -5
140 141 -5
138 121 25
135 191 208
71 21 25
104 112 -36
103 61 -63
146 172 182
136 203 150
89 104 -20
6 -78 62
64 81 66
121 141 227
150 135 112
136 226 170
133 135 -9
95 108 -29
151 146 101
23 54 -15
145 108 221
93 0 36
133 232 189
999997 999997 1000000
108 121 38
128 232 172
92 145 14
999997 999998 1000001
125 231 183
85 114 -20
-49 84 -22
-47 -84 -22
57 97 -63
132 144 0
144 232 180
125 228 177
130 154 101
89 156 183
143 137 3
1000002 1000001 1000001
137 237 186
141 152 107
89 30 43
103 104 33
133 236 172
1000000 999999 999997
116 136 -36
87 55 -63
131 150 112
-42 -75 -50
132 233 170
126 130 0
136 225 164
102 129 -51
139 224 172
109 122 221
136 229 170
141 139 6
158 184 190
138 183 168
137 172 190
-70 33 62
-17 76 62
107 195 190
143 140 -2
131 151 89
115 137 95
161 192 190
-12 -6 -98
130 71 -51
133 224 188
135 221 174
135 232 189
124 131 38
109 203 164
-90 42 7
25 -62 -73
137 101 143
157 120 14
121 147 107
126 133 -5
130 238 183
1000000 999997 999998
120 114 -39
153 176 182
131 224 172
1000001 1000002 1000000
122 88 24
128 133 -7
114 154 221
152 91 198
118 197 204
163 208 182
128 129 -5
135 236 172
70 58 -63
139 233 188
139 129 130
129 172 190
140 222 183
97 101 66
138 130 8
138 239 180
91 146 -9
137 134 9
140 128 -5
999999 1000000 999997
142 205 208
126 96 211
136 138 -9
124 116 134
137 127 6
16 73 4
153 89 168
121 128 227
120 125 -39
26 56 25
140 120 112
110 177 168
1000002 1000000 999998
146 127 85
135 208 208
143 137 81
156 214 164
136 227 189
124 217 157
135 224 188
139 140 130
144 137 -2
123 179 198
104 149 143
130 143 -2
103 108 -63
131 137 -9
80 93 -69
141 135 -7
133 223 172
167 125 143
149 129 24
140 228 188
128 128 3
138 130 119
113 219 173
108 187 173
147 126 227
6 86 -50
154 205 157
41 -11 -90
49 145 4
111 127 38
144 230 180
91 133 24
126 233 183
58 37 43
137 141 -7
138 137 -9
114 122 -39
132 134 80
1000002 999999 1000000
153 135 107
142 135 -29
136 115 95
-14 25 95
71 143 -35
1000002 1000000 1000001
125 92 154
1000001 1000001 999997
127 223 177
135 143 81
138 132 33
-13 -2 -98
150 85 25
-87 -43 -22
135 238 174
89 115 24
140 231 188
4 67 -73
152 130 -20
999997 999998 1000000
143 190 152
148 151 134
148 139 -20
136 115 -36
120 186 157
128 228 173
999999 1000002 999999
132 85 -51
109 114 38
128 135 130
136 149 227
135 144 0
999998 999999 999997
-18 -84 -50
144 147 112
132 152 -20
1000000 1000002 1000001
13 4 -98
64 -18 -73
2 -29 95
165 173 168
111 111 38
132 125 -2
136 141 -29
140 223 174
130 142 -5
130 134 -9
151 99 14
120 174 173
116 143 101
167 113 211
114 202 157
109 148 -15
184 135 183
109 125 38
97 116 33
109 211 190
112 153 -20
132 228 189
102 73 66
139 141 6
999998 1000002 999998
108 145 25
118 105 143
107 138 221
139 147 85
126 173 211
158 215 190
134 136 -9
132 229 189
142 116 95
-26 12 95
75 86 -69
129 130 130
141 230 172
54 -15 82
37 -92 7
1000001 1000002 999999
132 139 8
88 141 198
107 130 221
62 105 -63
135 144 3
136 154 101
74 131 -51
139 86 168
147 143 227
145 85 -35
132 203 150
175 162 168
3 42 -90
121 97 33
139 95 24
130 207 208
123 205 152
140 149 112
134 129 -36
122 73 57
-31 -29 -90
141 126 33
131 141 6
149 139 227
139 133 -9
137 135 9
-3 13 -98
179 121 198
47 -31 82
154 140 101
24 62 -73
143 137 -5
143 140 0
147 131 85
134 139 -9
167 144 143
130 177 198
999999 999997 999998
153 129 95
136 187 152
125 118 95
159 183 173
90 24 -35
142 117 107
108 139 33
142 132 6
1000000 999997 1000000
132 123 116
17 74 -15
132 133 80
26 33 -90
83 114 14
127 147 227
132 239 183
102 41 -51
36 92 7
137 136 80
135 142 130
130 226 188
135 228 170
141 225 186
147 119 101
93 -27 -22
100 153 -9
131 223 186
95 -27 7
27 -33 -90
120 121 101
88 132 -51
-42 -6 -90
162 101 154
-72 -68 7
121 136 85
8 -97 -22
135 195 150
86 103 14
138 202 150
130 126 -2
-67 -64 36
143 202 208
132 208 208
-21 36 -90
141 93 -20
15 94 4
125 139 0
81 -53 -22
6 92 36
131 141 130
90 146 2
83 125 14
132 135 80
128 229 182
1000002 1000000 1000000
133 137 9
139 128 6
134 137 33
142 135 6
114 122 -51
114 115 221
143 221 198
45 78 57
1000001 999997 999998
144 137 0
78 55 -63
152 135 89
137 131 -9
141 123 -15
141 142 -2
113 210 198
135 231 170
137 168 143
119 142 89
0 14 -98
134 228 170
10 27 95
146 142 85
127 138 81
155 200 157
35 -43 82
123 183 183
134 157 2
127 233 174
-62 -59 -50
65 50 57
113 97 154
133 222 186
116 137 107
72 25 -35
115 131 95
132 227 189
999998 1000000 999997
151 200 204
7 -85 -50
131 120 38
126 139 -2
140 138 130
130 225 172
56 0 82
145 148 89
91 92 2
130 106 -36
136 156 134
93 114 198
137 231 189
8 -92 36
21 114 4
143 232 174
135 137 9
163 116 143
128 139 4
81 113 -9
134 156 -9
163 191 173
115 100 211
130 143 3
63 -77 7
138 238 174
134 119 -35
135 239 177
97 0 -22
-41 38 82
137 133 9
116 208 157
152 141 -9
-38 -68 62
121 122 107
-28 48 82
31 80 -50
18 -22 95
999999 1000002 1000001
54 -66 -50
122 188 204
141 184 204
132 230 189
134 102 33
115 97 33
-6 -28 95
131 123 38
141 231 172
143 149 14
127 101 143
138 221 183
107 212 182
135 222 186
133 229 170
147 196 152
146 172 173
154 187 198
128 141 3
-22 97 7
132 125 0
92 154 198
151 211 157
151 130 89
136 132 9
155 131 14
135 129 8
148 100 -20
5 -67 -73
-22 94 -22
181 121 168
150 111 24
-55 7 82
145 227 182
103 164 154
999998 1000002 1000000
85 127 183
122 151 24
122 129 85
127 110 38
141 237 177
127 236 177
138 222 174
121 110 221
123 133 116
80 113 2
132 140 119
128 99 33
163 135 221
117 164 143
139 235 172
30 92 43
144 89 -9
1000001 1000002 1000001
1000002 999998 999999
142 234 174
-10 -9 -98
123 80 2
64 19 -73
-39 67 62
125 118 107
161 208 190
1 -14 -98
164 98 198
128 146 85
182 121 183
129 125 116
50 24 4
162 200 190
111 156 14
11 -7 -98
20 52 82
133 235 188
130 153 95
122 140 85
150 130 112
148 135 85
126 214 204
90 112 183
133 227 189
120 173 182
113 146 -29
150 141 14
122 125 -39
147 150 101
128 227 172
138 107 33
140 136 8
131 235 172
144 227 180
999998 999998 999997
123 136 116
154 120 -20
126 104 -36
136 227 190
143 132 3
131 120 227
138 220 180
-92 13 36
126 203 208
114 119 -39
89 145 -35
157 131 -9
142 124 4
137 229 189
155 161 143
143 230 174
136 116 107
136 119 112
111 196 198
30 76 43
127 167 143
123 82 14
70 18 -15
144 122 112
132 121 85
142 143 116
127 133 6
130 114 134
138 238 183
176 122 154
110 158 2
154 213 198
128 230 172
140 193 208
117 126 101
105 204 182
135 235 188
146 102 24
999998 1000001 999997
46 31 82
135 139 -9
28 8 95
55 80 -63
1000002 999999 1000001
135 227 189
127 233 186
117 183 198
130 200 150
-14 -25 95
36 129 25
86 64 66
129 143 0
29 0 95
133 126 81
130 222 174
1000000 1000000 1000002
120 225 173
144 141 116
1000001 999997 1000000
131 118 89
157 193 198
95 29 7
-49 -46 -73
-77 11 62
141 142 0
109 24 25
999997 999999 999997
115 116 -39
-14 -66 -73
-11 -55 82
999999 1000002 1000000
142 105 -29
142 102 -35
133 140 119
88 139 43
132 145 116
131 183 204
114 218 190
130 98 -51
100 86 -9
136 152 89
138 144 -2
181 149 168
160 200 164
75 83 -69
173 109 198
132 136 9
141 215 204
70 16 4
143 132 81
124 116 -39
21 -52 82
144 132 -2
103 135 33
134 132 9
8 11 -98
58 71 -63
135 125 0
131 132 -9
135 135 230
91 106 24
138 125 -2
133 237 186
158 108 2
135 126 81
115 144 134
139 135 -9
138 191 208
123 145 112
143 224 177
-98 -15 7
136 196 150
128 211 152
999998 1000002 999999
101 102 198
999999 999998 999997
142 130 -5
130 180 157
132 144 3
89 27 36
125 228 180
173 161 198
137 174 164
130 131 8
-43 74 -50
115 125 134
93 79 -69
143 46 4
95 131 -29
1000002 999998 999998
83 -54 7
53 16 82
179 148 198
141 137 130
108 212 173
145 138 116
-12 54 82
138 132 -9
131 216 204
114 117 -39
98 168 183
117 124 -39
144 135 -2
143 235 177
111 20 4
-70 -34 62
109 101 -63
138 139 8
54 137 -35
126 130 3
132 226 170
112 220 182
135 212 152
-12 6 -98
149 171 211
113 131 134
147 184 157
144 128 116
999997 1000001 999999
151 220 164
30 110 -35
135 125 3
144 150 -9
18 23 95
126 228 174
999999 1000001 999997
129 174 164
128 162 221
150 175 154
133 143 81
136 117 89
999999 999997 999999
147 104 25
130 153 107
-57 52 62
131 149 24
144 146 227
158 119 221
128 224 174
-21 90 36
122 177 164
-29 -4 95
106 141 -35
120 148 101
152 129 107
142 120 33
86 135 14
125 136 0
152 221 190
1000001 999998 999997
137 223 172
49 -60 62
135 148 85
114 120 -39
127 231 186
-55 -8 82
1000000 999997 1000001
35 108 43
1000002 999998 1000001
140 122 85
1000000 999998 1000002
136 137 80
126 135 -36
151 140 89
133 127 6
148 118 134
72 138 43
141 222 177
138 139 119
106 96 -29
143 91 14
134 137 80
50 143 -15
139 49 25
123 115 -39
167 157 211
104 91 66
85 142 183
-45 -81 36
126 231 174
95 112 -63
114 141 33
134 225 170
136 150 112
91 77 -69
80 64 66
150 65 -15
4 -56 82
74 66 66
92 65 66
129 107 221
162 208 173
128 133 130
999998 999997 999998
133 126 -5
140 233 172
118 114 -39
129 229 188
-9 -41 -90
109 187 190
105 34 43
150 145 107
138 208 208
136 154 95
1000001 999997 999999
1000000 1000001 1000002
125 133 -2
140 237 183
125 136 3
109 115 57
106 204 173
-85 -13 -50
3 -42 -90
138 92 154
83 137 2
137 142 6
133 141 -7
999997 1000000 999997
88 45 57
76 123 57
138 126 3
140 131 -7
135 135 10
55 111 57
135 127 6
98 100 183
175 108 168
115 217 164
155 129 134
118 125 -39
132 138 -9
127 196 208
152 123 134
999999 999999 1000002
154 135 101
136 134 -9
144 230 183
143 132 -5
-77 -12 62
129 232 188
20 94 25
156 135 134
139 211 152
141 228 172
57 73 36
133 125 3
-98 14 7
119 207 204
135 51 -35
49 101 57
125 117 101
135 200 210
135 126 -5
127 223 180
117 137 89
132 239 177
114 85 -63
147 119 95
143 68 -35
155 141 134
131 129 -7
121 146 -29
120 121 95
145 207 152
999997 999999 999999
137 141 130
75 38 -51
176 163 183
-96 -15 -22
82 94 -69
129 139 130
132 220 177
135 141 -7
126 225 177
130 237 174
130 229 170
71 48 -50
104 136 43
139 138 8
115 48 -51
29 -72 62
74 102 66
143 197 208
140 127 3
72 -47 -50
117 107 57
130 230 170
105 195 182
96 141 24
138 144 0
109 178 183
1000001 999999 1000002
133 132 9
117 143 95
106 143 -29
141 119 89
76 80 -69
33 86 36
34 36 4
-20 -95 -22
119 137 112
123 182 168
111 211 164
1000001 1000000 1000002
128 140 81
-50 86 7
144 132 0
42 105 -51
118 126 107
96 128 211
999997 1000001 999998
-38 -18 -90
145 186 204
133 143 -5
138 125 0
137 134 80
128 193 208
139 223 186
113 179 182
90 17 -15
59 -72 36
145 137 24
134 110 -36
69 152 4
137 176 198
163 171 198
112 94 198
130 94 -29
35 -23 -90
133 128 -7
127 121 112
999998 1000002 1000001
57 132 43
149 144 89
139 138 119
116 191 157
-7 12 -98
143 200 208
128 236 183
116 132 107
131 202 150
142 139 81
124 130 116
151 195 204
1000002 999998 1000000
138 143 3
130 199 150
142 153 101
104 147 24
139 228 170
119 120 134
1000000 999999 1000002
166 96 183
137 170 173
149 125 89
141 234 186
144 135 0
135 140 8
151 145 95
117 132 89
161 168 154
25 93 -35
111 105 -36
126 127 116
135 132 9
145 227 173
127 138 6
38 77 -51
137 233 170
158 200 198
168 135 143
135 204 150
121 137 -36
146 120 107
119 127 43
999997 1000001 1000001
101 129 143
157 109 -9
130 192 208
125 136 25
126 119 89
5 -13 -98
130 138 8
80 76 -69
135 143 -5
113 189 198
999998 999998 999998
75 -21 62
999999 999997 1000001
124 111 -51
137 128 130
131 228 170
129 230 188
93 123 -29
122 114 -39
1000000 1000002 999997
147 120 -29
106 161 211
135 128 -7
139 231 170
119 225 182
23 114 -15
137 228 189
153 98 2
-16 -76 62
53 28 25
121 142 33
129 140 6
138 225 188
97 123 33
147 143 112
117 215 198
99 117 211
64 87 66
128 170 182
50 52 -51
85 102 -9
-42 6 -90
136 125 -36
130 115 95
148 126 112
149 139 112
-19 -91 36
139 145 116
-38 18 -90
149 135 227
-71 65 -22
134 195 150
143 227 183
100 166 198
130 138 119
999999 1000000 1000002
152 142 2
137 203 150
132 187 152
999998 1000001 999998
130 234 172
133 142 6
142 140 3
151 124 101
131 231 170
45 90 57
143 145 85
159 120 2
134 232 189
-96 13 -22
999998 999997 1000000
135 146 116
84 102 2
133 129 8
1000000 1000000 1000003
-73 67 7
11 7 -98
1000001 999997 1000001
128 223 183
125 133 0
142 135 130
1000001 999998 1000002
121 102 -36
154 85 4
135 135 120
999997 999999 999998
117 108 38
99 0 7
999997 1000000 999999
139 188 152
147 138 85
110 54 57
89 152 -15
35 24 -90
171 111 154
130 155 134
124 144 227
127 131 81
147 150 95
77 91 -69
138 197 150
36 -90 -22
85 94 -69
121 132 85
135 220 177
127 226 174
141 133 130
140 236 174
142 154 134
133 129 119
129 224 186
107 131 -36
125 144 85
128 140 -5
109 68 -63
86 105 66
81 125 -9
137 174 211
133 230 170
-40 -38 82
131 201 150
126 198 208
130 221 177
85 75 -69
130 233 188
1000001 1000001 1000002
137 170 182
138 178 154
119 192 204
137 135 80
129 225 164
114 196 157
90 20 25
135 239 180
122 146 89
135 223 172
142 224 183
183 135 168
117 126 95
140 133 8
103 122 -36
114 180 190
-63 58 -50
135 133 -9
16 -39 -90
145 192 152
138 184 183
144 151 2
113 172 154
-2 -13 -98
56 57 57
120 213 157
999998 999999 1000002
131 116 38
135 220 180
176 147 154
11 -27 95
128 171 173
126 138 3
90 155 168
126 201 208
-21 -20 95
103 105 154
127 228 186
122 211 204
135 129 119
142 235 183
136 230 170
40 12 -90
139 236 186
129 134 8
130 221 180
92 141 154
125 231 177
999997 1000001 1000000
70 148 25
99 101 168
140 142 3
80 125 2
128 138 130
140 133 119
25 75 -35
121 222 164
999999 999997 1000000
135 136 -9
78 114 -63
132 225 188
51 25 -15
159 104 211
153 177 173
55 32 -35
133 137 80
165 97 168
142 195 208
127 236 180
154 129 101
111 175 198
141 237 180
143 135 81
124 152 101
120 120 40
77 78 -69
140 128 81
149 218 198
129 145 -29
127 138 -5
101 87 14
35 38 -15
152 147 134
124 58 -51
131 236 186
86 127 168
137 230 189
-66 9 -73
136 233 170
-83 -41 36
106 108 211
100 85 2
129 137 8
137 99 -29
129 134 119
130 130 -7
137 140 8
120 141 112
146 135 116
120 137 227
159 165 211
139 226 188
113 76 -63
82 56 7
156 185 164
128 235 174
140 136 119
125 231 180
176 107 183
130 126 0
144 232 177
147 66 25
130 127 81
77 -51 36
67 0 -73
138 95 211
130 238 177
999998 999997 999999
104 120 143
1000002 1000001 999998
103 117 -36
131 232 170
127 138 -15
88 124 24
136 131 -9
151 188 157
138 143 -5
99 154 2
114 130 38
135 144 -2
112 83 14
162 127 221
1000000 1000002 999999
94 96 -20
128 137 -7
132 134 9
94 87 -69
69 151 -15
139 144 24
1000001 999998 1000001
135 137 80
129 137 119
140 148 227
118 202 204
999997 1000000 999998
137 140 119
137 133 80
99 151 211
86 0 -50
135 225 170
137 236 172
138 232 170
3 56 82
129 222 198
125 234 180
82 25 -50
80 105 66
139 129 -7
92 128 154
87 114 -63
82 -24 -50
50 116 -51
8 -10 -98
172 146 211
128 123 85
120 148 95
130 126 3
-60 -29 -73
111 80 2
44 122 43
99 167 168
123 124 112
139 88 198
145 226 190
137 229 182
-20 -37 -90
99 121 57
1000001 1000001 1000001
123 38 -35
127 226 186
136 220 157
-49 45 -73
106 195 173
53 67 -50
32 -79 -50
127 141 -2
137 224 188
99 129 33
136 132 80
136 223 198
107 29 -35
104 92 24
139 140 -7
136 120 227
999997 999999 1000000
142 232 186
138 239 177
111 188 164
999997 1000000 1000001
14 0 -98
74 23 62
144 123 227
130 142 81
119 42 43
127 122 227
137 120 -36
141 130 6
99 110 33
56 -37 -73
139 85 183
130 219 157
131 128 6
120 128 112
124 153 134
156 108 143
140 135 8
35 90 -22
88 94 -69
110 150 4
120 159 221
999998 1000000 1000002
110 91 183
142 218 157
141 47 -15
33 132 4
127 148 112
82 75 -69
128 132 -7
13 -3 -98
113 93 -63
142 210 152
131 140 -7
42 64 -51
164 200 173
131 149 227
151 178 198
88 134 -20
134 231 170
-68 62 36
113 89 24
999997 1000002 1000000
133 88 -20
129 126 38
170 159 154
130 54 43
143 224 180
102 149 -20
144 176 164
41 52 -73
-85 12 -50
-48 -86 7
89 150 25
-70 -66 -22
143 135 -5
154 135 95
144 230 177
145 121 89
147 215 157
48 61 62
158 131 2
125 228 183
125 191 152
140 135 119
108 186 182
122 159 2
94 143 -20
-9 41 -90
135 230 190
129 227 188
151 95 154
128 135 -7
102 96 66
132 132 9
123 124 -39
158 150 221
126 136 81
143 178 198
145 131 116
131 128 130
132 129 119
65 119 57
143 235 180
113 179 173
35 60 43
132 133 9
136 183 204
134 234 170
125 120 -39
124 87 168
136 121 85
132 196 150
152 140 107
137 136 9
130 127 -5
131 148 85
150 124 107
127 128 -2
120 131 38
133 154 14
17 94 -15
115 137 101
85 85 70
149 190 204
145 112 -29
122 96 57
150 105 -15
1000000 1000002 999998
5 78 62
89 -26 36
142 126 116
61 125 -51
132 135 9
134 83 -9
100 101 -29
136 163 221
141 222 180
119 132 112
35 -86 36
37 40 25
140 230 188
124 109 38
133 221 174
129 129 6
107 203 190
140 206 208
142 230 186
134 85 14
136 216 204
999997 999997 999999
134 204 150
151 105 4
69 110 -63
153 222 173
136 135 -9
136 232 189
137 226 170
999998 999997 1000001
132 136 80
143 129 -2
1000002 1000001 1000000
182 149 183
142 181 157
157 206 198
999998 999998 1000002
151 120 24
142 153 95
140 226 172
131 197 150
142 129 3
93 115 -29
38 91 -51
139 200 150
134 132 80
116 182 164
159 207 164
113 138 134
42 -52 -73
91 92 -69
-61 28 -73
128 227 190
-13 1 -98
143 227 174
164 200 182
145 161 221
125 208 152
124 85 57
999997 1000000 1000000
126 234 177
76 52 36
-77 -38 -50
-15 65 -73
-92 -14 36
135 127 130
132 131 -9
149 181 198
66 75 66
92 94 14
130 130 119
124 124 227
76 89 -69
999998 1000001 1000002
-29 4 95
137 106 221
128 188 152
133 141 130
1000000 999997 999997
40 125 -35
136 115 101
6 97 -22
140 131 130
109 195 164
64 44 62
135 142 6
132 130 8
-33 -58 -73
132 239 180
117 115 -39
127 141 0
152 113 221
137 128 -7
125 118 -39
125 125 85
127 136 6
138 127 81
120 224 190
141 127 -2
174 135 211
122 93 -29
149 130 227
132 220 180
119 127 89
132 231 189
129 235 186
158 120 -9
124 139 116
151 124 95
126 225 180
109 147 221
154 194 157
1000002 1000000 999997
-50 -24 82
126 136 -5
49 67 57
139 131 8
108 100 33
134 130 -9
133 238 174
134 227 189
1000000 1000000 999997
130 115 43
96 140 211
137 138 -9
-56 -53 62
96 115 154
123 220 198
132 212 152
128 205 208
95 153 154
140 138 -7
28 -8 95
76 46 57
125 121 -39
-88 41 -22
-26 -13 95
45 47 43
105 85 66
110 157 143
152 65 4
62 78 7
30 58 -35
999999 999998 1000002
41 43 -35
91 15 4
-78 36 -50
134 133 -9
142 116 101
139 131 119
104 127 -36
147 200 152
138 234 188
126 225 183
136 113 134
1000002 999999 999999
153 223 182
128 141 33
135 140 119
139 124 116
122 197 152
139 198 150
69 70 66
-84 39 36
98 69 66
152 180 168
-6 -12 -98
137 222 186
152 157 221
144 135 3
125 151 95
88 127 198
126 185 204
159 216 173
141 133 -7
143 124 85
152 98 -9
133 128 130
20 74 25
110 21 -15
-6 28 95
101 152 14
129 113 38
999997 999998 999999
127 131 6
161 143 221
132 144 -2
110 111 143
127 128 0
135 237 186
8 -99 7
137 129 8
128 228 172
999999 1000002 999998
129 31 4
111 157 -9
124 86 183
999999 1000001 1000002
55 89 -63
87 124 57
1000002 1000001 999999
42 0 -90
999998 999998 1000001
142 137 6
114 93 -29
141 113 33
147 203 152
143 115 134
1000000 1000002 1000000
111 92 168
131 198 150
126 142 116
126 34 25
115 168 211
-31 28 -90
153 110 -20
121 108 38
126 130 -2
139 201 150
125 182 157
24 16 95
145 174 190
-19 84 -50
141 136 -7
137 101 43
135 83 2
130 135 -9
93 28 -22
135 125 -2
144 224 164
145 127 -29
135 234 170
123 85 -20
133 134 -9
140 141 81
111 81 -9
123 194 152
121 175 190
141 147 -20
129 238 180
34 131 -15
93 90 -69
137 129 119
-34 58 -73
999998 1000001 1000001
131 116 107
131 119 112
137 196 150
86 141 168
143 129 0
133 132 80
65 -43 62
117 63 57
1000001 1000002 999998
162 154 143
1000000 999998 999997
125 177 154
124 180 198
5 13 -98
136 179 157
181 135 198
159 183 182
149 98 211
125 133 3
122 157 14
100 138 -29
138 127 -5
61 -75 -22
63 64 -63
166 174 183
125 89 198
141 151 89
85 124 -20
-47 80 36
999997 999999 1000001
119 149 134
129 132 8
52 141 25
122 154 -20
142 139 -5
60 76 -22
127 129 38
159 192 164
153 140 95
111 134 -36
-10 9 -98
130 115 101
120 132 227
133 220 183
151 205 204
91 93 -9
137 229 173
122 158 -9
144 227 177
115 131 101
117 131 38
146 149 107
140 121 227
131 227 170
92 104 66
138 220 177
103 89 -20
137 235 188
1000000 1000001 999997
152 178 190
147 103 143
125 136 -2
139 230 170
-27 -49 82
142 130 81
129 144 116
153 88 183
1000000 999997 999999
-21 19 95
94 82 -69
126 149 89
111 203 198
126 133 81
151 179 164
135 132 80
131 133 -9
142 225 174
101 139 143
-51 24 82
88 75 -69
159 216 182
129 135 8
139 136 -9
136 153 107
129 132 119
135 123 116
69 98 66
138 181 198
80 54 -22
128 129 81
132 234 188
35 44 82
22 54 4
15 39 -90
130 133 -36
135 239 183
999999 999999 999997
138 227 170
96 57 -63
122 132 -35
2 29 95
141 127 0
112 150 24
-89 -44 7
178 135 154
104 79 66
1000002 999999 999998
73 31 43
84 136 -9
24 -16 95
118 142 107
148 209 204
133 191 208
1000002 1000000 999999
61 43 -51
112 86 -20
139 85 43
135 220 183
137 69 43
130 139 -7
94 85 -69
138 142 81
131 90 24
131 136 -9
136 137 9
66 93 66
115 123 -39
134 137 9
129 135 119
114 109 38
130 221 183
999997 999998 999998
26 112 25
147 166 143
97 98 24
-66 -10 -73
107 108 -36
143 232 183
125 151 107
142 227 186
-21 -97 7
108 118 38
28 73 62
78 0 62
163 191 182