1000
2
750 -615 725
-30 -456 90
-194 -755 -799
-414 -336 -919
364 -798 389
-2 349 641
295 -662 -510
-538 -137 388
467 276 354
996 284 397
922 -546 -879
-253 -928 -805
-608 774 -971
-538 321 -624
714 -934 607
-650 316 -403
655 -803 -110
-386 -331 401
81 911 543
870 225 211
-994 -921 -768
894 464 845
504 90 -348
-961 -968 -544
-191 -277 -630
184 156 -362
-867 -662 -857
-743 -866 -365
510 816 -446
760 -684 -732
537 -75 986
-220 -424 -908
-873 -160 -778
933 777 -272
585 798 -499
626 -919 -53
895 812 276
187 431 -391
-502 -700 -90
-240 76 727
-110 510 669
-31 796 280
336 -7 -498
620 83 -30
-809 757 -948
-492 799 78
-504 211 -709
-614 -545 -974
669 -564 -467
441 885 356
-311 511 325
757 -185 855
355 -480 -251
579 -849 39
678 -713 632
77 381 -771
-650 -121 665
-411 621 998
560 487 -512
-178 -748 99
863 -878 -755
980 -200 305
-481 -42 9
-913 -615 -956
391 542 -276
-88 499 -681
-223 -768 461
448 -663 -219
-242 -661 -890
-139 -983 177
257 -506 -430
-203 138 -327
322 -751 -931
-768 966 -461
517 -775 439
333 -202 991
623 521 -568
-312 -535 455
-823 -617 -36
-830 -665 -997
667 15 -288
-808 942 -665
10 20 316
-29 871 9
998 793 110
163 -619 -662
-432 -131 -323
-131 -200 -441
-809 556 -995
883 -934 -63
96 884 657
878 -987 79
870 651 -733
865 -276 -730
-194 -649 679
-762 182 111
-985 958 630
158 749 -702
177 150 894
692 307 -655
-791 -88 543
579 -952 -766
-546 -583 -330
286 -444 937
483 240 -560
35 -484 -360
-85 -969 759
-901 479 462
512 -394 476
975 355 -727
584 918 200
102 406 682
-670 896 -648
-147 960 -54
467 -197 264
117 -525 501
710 -661 -930
-708 697 -887
-83 23 -636
974 336 -406
-759 -315 662
666 -479 759
-462 867 -123
542 -740 -849
110 -810 311
71 880 400
670 196 885
810 -140 -346
-961 -287 -915
-371 -133 -409
-868 71 -678
744 -353 291
-797 -770 -538
-953 849 34
-93 859 544
424 -472 911
662 581 -487
241 -219 358
-632 -332 -501
-334 -942 -387
340 785 844
380 955 401
-54 -782 772
380 -660 -569
927 -657 -959
-906 -902 -742
203 -508 -569
-270 192 311
-501 327 -543
-442 -167 948
-609 155 154
594 103 488
-297 -598 694
663 543 663
345 694 161
619 316 -371
-975 176 -95
-881 36 959
655 3 561
443 940 944
-903 787 260
464 637 886
796 526 -972
322 867 -397
360 288 262
167 -673 -911
235 751 -799
789 -352 -524
-646 -851 837
-299 740 778
363 -777 -595
482 -735 -987
-434 -949 554
587 899 10
205 -517 951
-882 -132 299
-50 -437 542
-918 -922 574
-697 557 -387
-10 -198 181
-567 769 880
524 -991 670
-568 993 -897
136 716 104
220 -170 532
223 -98 -909
974 -831 719
844 -593 902
-700 -927 -308
15 708 -573
480 33 625
-562 611 -1000
-245 -719 -476
-428 -478 755
64 42 487
-393 -259 709
-988 -663 -912
-579 420 254
-885 568 -667
474 232 337
405 -922 -876
776 514 -970
-370 -654 -726
-527 611 543
770 -482 -751
806 131 322
-210 477 474
413 -150 -404
982 31 -327
967 -93 -116
124 -199 -106
-258 42 -273
641 -711 939
965 527 287
831 849 -130
443 -219 -386
450 454 378
193 84 53
27 697 938
352 430 -435
-416 836 -359
-382 -340 226
398 -858 -757
-184 483 -976
816 817 -923
-807 -252 -135
895 -423 682
-838 -117 231
-920 227 556
-447 538 -883
-316 -110 779
920 930 -189
209 -726 -341
-642 665 -345
-175 -651 -273
-521 575 -625
-976 -180 637
459 -571 844
862 -429 -234
-233 310 -71
883 71 729
-565 968 680
476 159 405
555 770 -213
808 517 293
-458 -495 -975
-679 678 745
81 530 299
785 -999 876
128 -671 -37
-104 -628 -987
609 458 359
-538 936 800
-227 19 -580
-771 -953 -358
809 -511 984
-264 -827 -228
-120 -789 -725
532 -359 -686
675 -129 -697
-175 -367 725
-150 -671 -639
-68 -44 -300
73 -951 -587
404 -841 -581
903 -275 967
917 477 -281
502 983 492
-370 -441 3
370 440 961
-904 -958 899
149 -228 215
535 323 240
944 409 982
-473 -653 747
171 794 -185
-150 688 450
311 201 445
-106 684 -45
-707 -829 -887
-346 -841 292
-877 -399 -692
-638 617 -983
817 -568 -99
414 -797 -656
646 -746 482
-335 -25 -728
165 117 -64
469 489 -463
-432 -215 -138
-332 441 -83
10 -770 -424
35 -45 768
92 -928 -859
-908 828 857
429 -688 442
-105 604 -929
-794 487 613
771 65 -93
-458 662 -474
-575 648 -834
876 -271 953
-848 -864 -153
-21 -529 -699
-889 -224 29
515 293 -625
786 -183 67
518 305 -547
-271 829 114
-207 949 -546
-320 629 -994
-965 -359 -281
206 880 -372
581 -102 -792
-744 -269 737
-437 -770 987
-889 599 -718
234 -550 171
-286 981 -985
531 -328 368
371 -532 -252
644 -771 -317
605 867 -947
705 716 598
-223 -116 540
746 378 -44
277 707 192
818 -921 -935
126 350 712
-11 374 -74
418 509 555
667 -893 -669
73 -927 -927
-840 -183 -32
-89 654 -55
-567 -816 43
653 -246 -681
610 -303 -827
675 -355 11
994 407 -295
503 -498 334
-189 -165 -325
-635 361 -350
-760 123 -444
-37 -215 -74
-916 -978 -366
-293 -443 969
-66 -111 -712
-3 -402 36
-122 -30 677
299 -400 -344
101 346 -576
796 11 675
780 0 525
-78 -962 768
-316 -924 374
802 456 -467
-279 446 814
566 222 506
580 372 -964
74 -525 321
-630 -359 -734
296 -514 -777
799 480 -499
673 275 136
-713 159 113
-321 160 -784
839 -629 -795
-889 227 -782
466 -7 221
676 954 -968
-24 -314 -434
546 126 50
-731 139 386
65 -892 -531
793 -963 438
772 -69 -993
530 387 578
123 715 93
779 213 541
-576 -974 -3
341 -671 -554
999 434 340
-989 738 -932
-925 -463 -489
375 -671 -12
-706 -845 -267
-613 -592 -584
-454 610 785
-840 820 -806
-172 344 212
635 -712 983
698 -283 637
-134 491 -507
847 243 -495
-816 643 -848
-998 567 -561
815 -560 -236
-2 -131 21
189 -822 -724
-175 -146 487
-507 -224 -221
-71 -105 -918
-656 -975 -891
775 403 -215
436 787 57
-989 -103 800
564 -715 -795
-733 929 -128
501 75 -170
946 723 688
864 355 802
892 -452 654
-624 797 -928
254 -75 248
148 -751 -283
-190 -49 -734
-82 -316 -876
-388 -338 -247
-792 766 996
-685 -689 302
-739 940 -717
462 -811 -787
-209 642 429
26 -98 563
737 246 -745
109 441 -104
926 691 864
-959 -456 824
330 101 -234
279 660 -407
552 -784 -507
404 884 372
418 -683 -246
-28 -493 321
31 133 -666
57 46 -486
-634 113 303
-803 -261 -586
-750 -968 -228
891 -133 -661
774 806 931
452 996 -175
703 720 284
-982 86 847
-353 -637 153
-720 692 -428
-739 -187 870
-688 -480 739
830 804 486
111 -917 -833
758 715 -481
-977 -210 381
-635 -606 308
-478 -512 943
489 -331 -408
748 167 -920
-264 70 -818
-886 -481 -174
-931 -138 -567
-903 -955 -589
-463 504 -549
863 349 -712
-997 -382 -847
-522 -853 509
290 829 13
-955 -397 -802
694 -222 -590
-49 569 -844
677 720 75
120 -4 162
138 -514 -378
575 976 -70
-430 -81 -820
161 555 89
-990 -763 -253
386 208 -378
-597 -612 -904
787 737 484
-387 363 746
-582 295 19
256 873 784
229 -291 60
-396 733 -302
-230 424 816
219 -835 756
686 696 -370
-104 517 -330
345 -76 194
-700 487 -889
189 -193 309
-133 -972 -489
-106 -715 375
22 -349 -723
-798 553 71
-377 -999 -870
-572 432 265
172 -311 -532
378 814 -143
598 -211 -997
555 338 -617
-435 -794 93
618 629 -334
688 186 -51
304 -899 -540
954 -220 257
-643 654 -654
944 -999 -449
967 -901 999
724 488 182
-17 -393 -301
-210 381 426
-863 729 -794
196 -660 -395
639 973 -705
29 -729 -939
-260 860 -307
598 -317 -956
-971 448 542
959 -72 -582
-856 -871 96
-439 52 998
24 -708 -104
-31 349 487
-968 -480 919
-816 350 -844
-851 -937 507
-801 -624 -657
747 401 230
53 -30 140
593 634 -744
-818 420 849
-329 222 -669
868 511 514
-12 -584 -766
17 -749 578
-989 -779 -208
176 821 327
210 542 457
523 -958 837
-987 28 -403
-175 749 104
666 442 443
-615 -277 -605
-956 -596 -393
-714 148 952
960 880 -768
-992 -138 -641
62 -278 -19
-678 -97 -995
-961 -251 767
-803 473 -765
564 404 -106
228 986 769
-73 481 846
443 810 702
-966 106 -812
798 672 -378
584 100 -901
-894 -923 496
-349 352 385
-177 168 859
-521 -11 728
179 387 636
-65 -12 -290
-512 762 -655
576 416 -901
614 846 127
232 -346 -574
-720 338 521
-222 -269 -586
873 858 -861
625 603 -734
-732 296 -968
807 -198 -62
13 939 845
66 65 313
-579 -417 -835
253 -311 -185
-623 -855 -994
-845 432 861
-70 -105 2
-658 -703 -769
133 -701 2
-274 448 -520
-717 -60 7
-4 -826 -960
-420 -451 339
39 -392 -777
613 -938 -748
400 162 77
80 555 -625
57 -999 96
866 -894 25
762 690 -21
-827 995 -451
-512 -570 668
-895 436 730
348 44 4
-3 169 783
381 -272 23
-747 722 260
-442 -746 762
249 -908 373
184 410 -576
370 775 504
499 -678 -132
167 961 763
512 -466 -192
-851 -952 106
818 -733 637
-697 -108 120
-479 -313 873
-220 -968 920
474 341 269
278 846 898
878 -969 -833
-632 -760 -97
-600 357 390
-233 121 479
-639 850 829
-689 366 617
-736 -265 432
-306 -929 -623
486 586 -6
-45 -377 -472
-207 -388 578
-565 337 -785
-738 831 707
-688 -663 -959
-957 -429 181
895 271 818
23 788 -290
-905 -920 -846
835 598 -22
932 -480 -717
276 -296 -447
681 493 -520
-824 782 644
-553 823 -858
-480 452 -312
508 428 243
-224 -977 314
-694 819 -85
-440 -329 -730
382 295 172
755 78 794
-29 735 194
775 29 -372
883 273 561
-592 -627 401
-360 85 -855
531 -685 -829
248 -342 177
-842 96 -71
493 -234 -122
737 383 868
303 -584 523
-591 -269 -626
560 545 -625
406 -344 894
-936 -709 -464
748 495 -625
-854 -237 382
-408 -929 611
-618 228 953
747 -87 469
199 -633 -446
327 -899 -133
-298 -86 -188
-392 -481 433
-696 -249 -13
405 944 637
-10 803 -26
-223 -664 291
318 -816 222
-298 101 828
-906 -888 611
932 249 949
-404 926 -943
-659 -731 -795
760 -844 140
681 -648 -839
-476 252 -633
-689 -824 498
-188 -714 238
-902 396 -624
-758 -120 838
-44 -903 -94
413 726 -124
394 768 581
-251 737 978
-718 596 280
206 -84 -852
138 648 534
727 -225 -87
-790 160 915
820 -307 -426
-526 957 875
404 705 885
-969 -188 148
197 -408 568
466 -312 -426
-812 991 -616
33 -923 -519
-74 960 -492
801 -914 -949
-863 997 -223
202 695 -463
-351 -654 -166
160 986 880
-887 -63 -624
-288 970 630
-251 -939 -809
294 781 545
-233 -109 -72
232 439 517
-130 323 -41
-218 640 882
105 -50 -707
-992 122 918
-721 -274 -423
-964 49 -700
-685 214 940
-288 429 -700
193 676 -638
123 124 6
-360 -677 39
-93 350 542
-276 219 925
-428 -850 135
-571 -276 246
820 -127 -357
102 -257 -59
114 -429 -466
357 458 -537
535 -381 -61
496 828 -269
-84 -915 -404
873 510 -934
141 -924 -940
-274 -958 -105
16 -640 -736
-325 644 -706
821 -691 -711
274 -86 -565
655 836 32
640 960 104
366 -486 -559
-960 646 709
-693 836 49
-892 -269 808
849 -416 -251
-971 523 78
-25 16 345
986 857 -918
968 423 475
682 -507 554
893 774 392
-756 695 592
-951 45 636
-756 -809 -858
-247 697 -597
-88 344 618
-908 496 -989
333 -524 12
615 259 -556
-652 470 936
-420 808 -220
548 169 133
-355 206 -220
-336 -305 683
-697 -319 350
250 -574 583
-717 -796 -30
146 -823 385
-303 552 -633
187 787 868
976 720 -258
677 218 -112
909 -362 -915
239 -751 -301
546 -850 109
-964 -85 -1000
395 -165 -921
436 319 -951
-616 -219 479
671 -487 -109
-186 836 -2
-544 -68 723
51 379 -147
381 -73 -762
-482 -156 -763
17 291 -954
-475 -52 -569
-561 977 -509
-324 26 445
-368 66 913
748 10 807
-145 -212 -393
-70 -735 -263
-589 268 81
817 20 860
692 -819 758
713 -705 481
444 706 -45
955 -216 302
518 -902 -799
-428 283 -37
-67 73 -589
154 966 -894
319 -618 23
-990 -526 -636
108 -947 -964
901 549 -14
-199 423 521
-669 980 -415
-417 -177 450
557 -139 148
929 857 13
346 422 630
94 -18 -848
926 851 981
-915 511 829
313 -792 400
907 872 814
-441 476 599
416 607 -406
852 267 786
-982 -230 350
433 522 741
964 262 297
41 816 -629
-253 655 10
-253 300 587
647 424 -310
322 -90 446
-889 148 -327
-838 202 369
840 -575 247
-720 898 855
-643 -484 -327
-449 -439 890
-874 -239 239
-135 -126 178
-8 355 212
931 576 896
554 -503 284
-771 242 929
13 659 151
-790 235 126
-480 952 -782
-56 -366 -273
-449 415 -235
580 539 202
218 -656 338
83 -455 802
-745 -685 640
896 144 -243
107 852 -673
-242 -689 196
-598 -47 -247
162 91 831
968 174 -932
665 126 -406
422 634 -702
448 -538 34
35 -886 155
-85 915 90
908 699 -784
-986 -209 400
-538 -637 375
653 -135 -813
481 903 -574
-301 -259 -297
684 403 593
-357 913 338
904 -689 -918
437 67 -863
252 -962 -492
878 -924 -18
711 -98 -884
805 -250 -107
-476 -443 498
401 -35 -90
12 -782 -298
-488 780 624
186 838 428
-592 -206 -818
842 -675 -475
362 -60 -346
451 -933 353
514 857 -949
956 347 -379
982 -452 -23
4 30 -623
216 -321 137
410 191 -917
-205 -7 839
-882 -409 -514
919 812 -547
907 93 611
22 -299 714
999 -266 996
369 417 -398
-736 506 679
-407 498 812
-386 217 -369
865 568 60
994 -43 230
834 952 -399
-674 -953 -49
108 -883 121
54 86 -106
-287 796 -64
291 -504 -776
730 -585 798
695 238 -884
308 431 -763
513 290 329
465 -65 863
-233 -877 131
-427 808 -303
-956 -23 -551
-805 -331 -650
478 399 34
-207 -783 491
-700 707 -597
67 318 218
-762 -716 693
1 524 -295
-709 -328 -794
-542 -851 708
80 164 -406
94 -639 -748
-989 208 -971
655 160 687
-730 -133 -278
584 -78 917
-402 -968 224
624 -982 -936
411 19 138
291 281 609
562 -655 -357
8 800 137
130 648 -475
-331 67 -520
952 674 23
-399 763 -33
-976 83 -122
-460 -313 -613
587 522 535
179 -714 364
418 922 -19
-193 982 -54
926 962 351
643 370 -426
368 170 -312
930 -324 793
495 204 -320
565 629 -188
-411 -159 326
-893 256 -606
138 -308 739
-387 652 54
-461 1 408
92 -248 709
979 -294 -392
-715 -909 633
799 -24 435
-153 -97 -194
-519 188 790
947 789 -716
-736 4 -648
423 -646 620
789 -297 221
513 753 -755
796 -710 550
832 -151 -901
-439 -912 428
466 512 800
-872 -940 344
517 469 -819
873 943 -102
383 -143 -217
604 849 287
-753 -334 -70
52 -135 -951
-3 -83 291
-165 -947 73
-230 -219 -369
478 -154 79
-331 -558 769
-563 975 -301
790 98 -437
791 163 808
-1 778 974
125 802 478
666 516 743
171 944 -318